{
 "cells": [
  {
   "cell_type": "code",
   "execution_count": 1,
   "metadata": {},
   "outputs": [],
   "source": [
    "import math\n",
    "import numpy as np"
   ]
  },
  {
   "cell_type": "code",
   "execution_count": 2,
   "metadata": {},
   "outputs": [],
   "source": [
    "train = np.loadtxt('DS1train.csv',delimiter = ',')\n",
    "val = np.loadtxt('DS1val.csv',delimiter = ',')\n",
    "test = np.loadtxt('DS1test.csv',delimiter = ',')"
   ]
  },
  {
   "cell_type": "code",
   "execution_count": 3,
   "metadata": {},
   "outputs": [],
   "source": [
    "class0_count = 0\n",
    "class1_count = 0\n",
    "u1 = 0\n",
    "u0 = 0\n",
    "x = 0\n",
    "s0 = 0\n",
    "s1 = 0"
   ]
  },
  {
   "cell_type": "code",
   "execution_count": 4,
   "metadata": {},
   "outputs": [],
   "source": [
    "#Mean and Probs\n",
    "\n",
    "len_train = len(train)\n",
    "for row in train:\n",
    "    if row[-1] == 0:\n",
    "        class0_count += 1\n",
    "        u0 += row[:-1]\n",
    "\n",
    "for row in train:\n",
    "    if row[-1] == 1:\n",
    "        class1_count += 1\n",
    "        u1 += row[:-1]\n",
    "\n",
    "Prob_0 = class0_count/len_train\n",
    "Prob_1 = class1_count/len_train\n",
    "\n",
    "u0 /= class0_count\n",
    "u1 /= class1_count"
   ]
  },
  {
   "cell_type": "code",
   "execution_count": 5,
   "metadata": {},
   "outputs": [],
   "source": [
    "#Covariance matrix\n",
    "\n",
    "for row in train:\n",
    "    if row[-1]==0:\n",
    "        x = np.array(row[:-1])\n",
    "        x -= u0\n",
    "        x = np.reshape(x,(20,1))       \n",
    "        s0 += x.dot(x.T)\n",
    "\n",
    "s0  /= class0_count\n",
    "\n",
    "\n",
    "for row in train:\n",
    "    if row[-1]==1:\n",
    "        x = np.array(row[:-1])\n",
    "        x -= u1\n",
    "        x = np.reshape(x,(20,1))    \n",
    "       \n",
    "        s1 += x.dot(x.T)\n",
    "\n",
    "s1 /= class1_count\n",
    "\n",
    "    \n",
    "cov_mat = Prob_0*s0+Prob_1*s1"
   ]
  },
  {
   "cell_type": "code",
   "execution_count": 6,
   "metadata": {},
   "outputs": [
    {
     "name": "stdout",
     "output_type": "stream",
     "text": [
      "Prob_0 0.5\n",
      "Prob_1 0.5\n",
      "mean for class 0 [1.24697735 1.34290441 1.17032857 1.17336461 1.30457154 1.19076449\n",
      " 1.28596278 1.22341675 1.34514555 1.33451175 1.37876611 1.27688273\n",
      " 1.2378274  1.36550474 1.25127814 1.25229989 1.28755638 1.30694096\n",
      " 1.36665999 1.19724075]\n",
      "mean for class 1 [1.93971746 1.91459557 1.97037331 2.012678   1.96644077 1.96653155\n",
      " 1.99717086 1.97769383 1.95885342 1.97921574 1.92120646 1.9542092\n",
      " 1.9303893  1.95410439 1.94869627 1.95174086 1.92708053 1.95084988\n",
      " 1.91768773 1.95448077]\n",
      "cov_mat [[8.06975151 5.68836564 6.32689186 5.44483593 5.9602439  6.2602244\n",
      "  4.68925125 5.47795003 5.03849695 5.30684587 4.02265668 5.25182473\n",
      "  7.19616425 6.12857016 6.20554272 6.03899175 6.00102226 5.84819897\n",
      "  5.63079351 6.19556122]\n",
      " [5.68836564 6.91012612 5.54058103 4.58353313 5.51714377 5.69111465\n",
      "  4.34844411 4.04935708 4.24770553 5.0794415  3.42204888 4.65285755\n",
      "  6.04333976 5.2134891  5.54756862 5.28522691 5.79239097 5.20097652\n",
      "  5.359512   5.50203431]\n",
      " [6.32689186 5.54058103 7.37562626 5.11886063 5.86381992 6.65977034\n",
      "  4.59103154 4.87546817 4.92002677 5.20050738 3.35027299 4.73580235\n",
      "  6.58825602 5.30850633 6.13380941 5.98989589 6.35805855 5.2154207\n",
      "  4.78998862 5.3868062 ]\n",
      " [5.44483593 4.58353313 5.11886063 6.11233661 5.45893263 4.72790656\n",
      "  3.81951091 4.58455283 3.54049069 4.43067834 2.83487099 4.33237577\n",
      "  6.16522233 4.97410493 5.01261291 5.30734712 4.91907702 4.83780961\n",
      "  4.02438801 6.09154862]\n",
      " [5.9602439  5.51714377 5.86381992 5.45893263 7.03414913 5.47718771\n",
      "  4.99830313 4.42441506 4.69912041 5.22202416 4.09257545 5.00523003\n",
      "  6.35167096 5.85885016 5.96239504 6.19072901 5.97491569 5.26642957\n",
      "  5.33005019 5.92101205]\n",
      " [6.2602244  5.69111465 6.65977034 4.72790656 5.47718771 6.77282202\n",
      "  4.46133172 4.89535634 4.76761899 5.37089995 3.06625947 4.85268653\n",
      "  6.51385616 5.10303389 5.85027856 5.97300033 6.03464788 5.1393195\n",
      "  4.86178751 5.46012849]\n",
      " [4.68925125 4.34844411 4.59103154 3.81951091 4.99830313 4.46133172\n",
      "  5.12629703 3.87476073 3.9433314  4.32088984 2.97881454 4.33210341\n",
      "  4.6873736  4.14485928 4.65380055 5.25502124 4.35890842 3.76737972\n",
      "  4.58205784 3.98272516]\n",
      " [5.47795003 4.04935708 4.87546817 4.58455283 4.42441506 4.89535634\n",
      "  3.87476073 6.0496112  3.50564455 4.89462805 2.53206192 4.86518443\n",
      "  6.18836154 5.26242903 4.92778134 6.17185125 4.57010336 5.05019339\n",
      "  4.83418578 4.61182637]\n",
      " [5.03849695 4.24770553 4.92002677 3.54049069 4.69912041 4.76761899\n",
      "  3.9433314  3.50564455 4.96823343 4.68782711 3.16363421 4.06166021\n",
      "  5.13494166 4.6532725  4.85600217 5.04416223 5.18317178 4.16190833\n",
      "  4.19545871 4.21125479]\n",
      " [5.30684587 5.0794415  5.20050738 4.43067834 5.22202416 5.37089995\n",
      "  4.32088984 4.89462805 4.68782711 7.09083262 3.33230857 4.73722246\n",
      "  6.94193681 5.2593824  4.99587311 5.8588387  4.89372769 5.39017032\n",
      "  4.51040146 5.45315753]\n",
      " [4.02265668 3.42204888 3.35027299 2.83487099 4.09257545 3.06625947\n",
      "  2.97881454 2.53206192 3.16363421 3.33230857 3.34663954 2.85508111\n",
      "  3.7582668  3.91856913 3.60483548 3.62423456 3.68257221 3.23447294\n",
      "  3.6948896  3.53780463]\n",
      " [5.25182473 4.65285755 4.73580235 4.33237577 5.00523003 4.85268653\n",
      "  4.33210341 4.86518443 4.06166021 4.73722246 2.85508111 5.24804858\n",
      "  6.0333722  4.99238044 4.79065886 5.55166185 5.08831628 4.94382104\n",
      "  4.96567128 4.59833445]\n",
      " [7.19616425 6.04333976 6.58825602 6.16522233 6.35167096 6.51385616\n",
      "  4.6873736  6.18836154 5.13494166 6.94193681 3.7582668  6.0333722\n",
      "  9.28708336 6.36364913 6.3246293  6.52993951 6.1774222  6.49602555\n",
      "  5.85621752 7.54080895]\n",
      " [6.12857016 5.2134891  5.30850633 4.97410493 5.85885016 5.10303389\n",
      "  4.14485928 5.26242903 4.6532725  5.2593824  3.91856913 4.99238044\n",
      "  6.36364913 6.98163096 5.91255346 6.24712858 5.76464544 5.69656447\n",
      "  5.89181157 5.61868283]\n",
      " [6.20554272 5.54756862 6.13380941 5.01261291 5.96239504 5.85027856\n",
      "  4.65380055 4.92778134 4.85600217 4.99587311 3.60483548 4.79065886\n",
      "  6.3246293  5.91255346 6.95379859 7.07179635 5.87709208 5.21596069\n",
      "  5.49004724 5.91416923]\n",
      " [6.03899175 5.28522691 5.98989589 5.30734712 6.19072901 5.97300033\n",
      "  5.25502124 6.17185125 5.04416223 5.8588387  3.62423456 5.55166185\n",
      "  6.52993951 6.24712858 7.07179635 9.19927066 5.90229054 5.99449504\n",
      "  5.64442381 5.94835531]\n",
      " [6.00102226 5.79239097 6.35805855 4.91907702 5.97491569 6.03464788\n",
      "  4.35890842 4.57010336 5.18317178 4.89372769 3.68257221 5.08831628\n",
      "  6.1774222  5.76464544 5.87709208 5.90229054 6.86955667 5.34960642\n",
      "  5.34709646 5.18938347]\n",
      " [5.84819897 5.20097652 5.2154207  4.83780961 5.26642957 5.1393195\n",
      "  3.76737972 5.05019339 4.16190833 5.39017032 3.23447294 4.94382104\n",
      "  6.49602555 5.69656447 5.21596069 5.99449504 5.34960642 6.0770836\n",
      "  4.84479038 5.29586458]\n",
      " [5.63079351 5.359512   4.78998862 4.02438801 5.33005019 4.86178751\n",
      "  4.58205784 4.83418578 4.19545871 4.51040146 3.6948896  4.96567128\n",
      "  5.85621752 5.89181157 5.49004724 5.64442381 5.34709646 4.84479038\n",
      "  6.32507529 4.98724547]\n",
      " [6.19556122 5.50203431 5.3868062  6.09154862 5.92101205 5.46012849\n",
      "  3.98272516 4.61182637 4.21125479 5.45315753 3.53780463 4.59833445\n",
      "  7.54080895 5.61868283 5.91416923 5.94835531 5.18938347 5.29586458\n",
      "  4.98724547 8.20709104]]\n",
      "cov_mat.shape (20, 20)\n"
     ]
    }
   ],
   "source": [
    "print (\"Prob_0\", Prob_0)\n",
    "print (\"Prob_1\", Prob_1)\n",
    "print (\"mean for class 0\", u0)\n",
    "print (\"mean for class 1\", u1)\n",
    "print (\"cov_mat\", cov_mat)\n",
    "print (\"cov_mat.shape\", cov_mat.shape)"
   ]
  },
  {
   "cell_type": "code",
   "execution_count": 7,
   "metadata": {},
   "outputs": [
    {
     "name": "stdout",
     "output_type": "stream",
     "text": [
      "w [ 14.31574432  -8.30249007  -5.35750683  -3.07467431  -9.42293241\n",
      "  -4.6212408   16.31258299 -23.83168504 -28.69836891   9.16355032\n",
      " -12.98307682 -12.02469945  15.32720518  12.6052344   -5.67820318\n",
      "  13.10838037  28.88467948  -6.8008162   -0.32402186  -5.01550096]\n",
      "w0 27.141267048146638\n"
     ]
    }
   ],
   "source": [
    "#w and w0\n",
    "cov_mat_inv = np.linalg.inv(cov_mat)\n",
    "w = cov_mat_inv.dot(u0-u1)\n",
    "w0 = (-.5*(u0.T).dot(cov_mat_inv).dot(u0))+(.5*(u1.T).dot(cov_mat_inv).dot(u1))+(np.log(Prob_0/Prob_1))\n",
    "print(\"w\",w)\n",
    "print(\"w0\",w0)"
   ]
  },
  {
   "cell_type": "code",
   "execution_count": 8,
   "metadata": {},
   "outputs": [],
   "source": [
    "def sigmoid(x):\n",
    "  return 1 / (1 + math.exp(-x)) \n",
    "\n",
    "def prob_class0(x):\n",
    "    a = w.dot(x)+w0   \n",
    "    return sigmoid(a) \n",
    "\n",
    "def prob_class1(x):\n",
    "    return 1-prob_class0(x)"
   ]
  },
  {
   "cell_type": "code",
   "execution_count": 9,
   "metadata": {},
   "outputs": [],
   "source": [
    "# test accuracy, precision, recall, and F-measure\n",
    "true_pos = 0\n",
    "true_neg = 0\n",
    "false_pos = 0\n",
    "false_neg = 0\n",
    "len_test = len(test)\n",
    "\n",
    "for row in test:\n",
    "    x = np.array(row[:-1])\n",
    "    true_value = row[-1]\n",
    "    prob0 = prob_class0(x)\n",
    "\n",
    "    choice = 0\n",
    "    if prob0<.5:\n",
    "        choice=1\n",
    "        \n",
    "        \n",
    "    if choice == 0:\n",
    "        if true_value == 0: \n",
    "            true_neg += 1 \n",
    "        else: \n",
    "            false_neg += 1 \n",
    "    else:\n",
    "        if true_value == 0: \n",
    "            false_pos += 1 \n",
    "        else: \n",
    "            true_pos += 1 \n",
    "    \n",
    "accuracy = (true_neg+true_pos)/len_test\n",
    "precision = true_pos/(true_pos+false_pos) \n",
    "recall = true_pos/(true_pos+false_neg)\n",
    "F_measure = 2*precision*recall/(precision+recall)"
   ]
  },
  {
   "cell_type": "code",
   "execution_count": 10,
   "metadata": {},
   "outputs": [
    {
     "name": "stdout",
     "output_type": "stream",
     "text": [
      "Accuracy = 0.96\n",
      "Precision = 0.9532019704433498\n",
      "Recall = 0.9675\n",
      "F Measure = 0.9602977667493796\n"
     ]
    }
   ],
   "source": [
    "print(\"Accuracy =\", accuracy)\n",
    "print(\"Precision =\", precision)\n",
    "print(\"Recall =\", recall)\n",
    "print(\"F Measure =\", F_measure)"
   ]
  },
  {
   "cell_type": "code",
   "execution_count": null,
   "metadata": {},
   "outputs": [],
   "source": []
  }
 ],
 "metadata": {
  "kernelspec": {
   "display_name": "Python 3",
   "language": "python",
   "name": "python3"
  },
  "language_info": {
   "codemirror_mode": {
    "name": "ipython",
    "version": 3
   },
   "file_extension": ".py",
   "mimetype": "text/x-python",
   "name": "python",
   "nbconvert_exporter": "python",
   "pygments_lexer": "ipython3",
   "version": "3.7.0"
  }
 },
 "nbformat": 4,
 "nbformat_minor": 2
}
